Quantity,Price,StockCode
12,6.95,85048
12,6.75,79323P
12,6.75,79323W
48,2.1,22041
24,1.25,21232
24,1.65,22064
24,1.25,21871
10,5.95,21523
12,2.55,22350
12,3.75,22349
24,1.65,22195
12,2.55,22353
10,5.95,48173C
18,5.45,21755
3,5.95,21754
16,1.69,84879
3,6.95,22119
12,1.45,22142
12,1.65,22296
12,1.65,22295
16,3.39,22109
4,3.75,22107
2,8.5,22194
12,4.65,35004B
12,2.1,82582
12,2.1,21181
3,5.95,21756
6,2.95,21333
8,1.25,84596F
8,1.25,84596L
24,4.25,22111
6,2.1,22143
6,2.1,22145
12,0.85,22130
2,6.75,21364
1,9.95,21360
2,6.75,21351
2,6.75,21352
2,8.95,35400
3,4.25,20695
12,1.25,37370
12,0.85,10002
6,2.55,84507B
3,4.25,20703
12,0.65,21987
12,0.85,21989
12,0.85,84970S
12,1.25,20971
6,2.95,22271
6,2.95,22272
6,2.95,22274
4,3.75,21912
3,4.95,22111
3,4.95,22112
28,0.98,21329
30,1.69,21252
30,1.15,21100
30,2,21033
60,1.3,20711
32,2.5,21410
32,2.5,21411
56,3,84031A
56,3,84031B
60,1.9,84032A
56,1.9,84032B
56,2.15,84519A
60,2.4,84519B
60,6.38,85132A
60,6.4,85132C
60,2.4,85183A
60,2.4,85183B
12,1.45,22065
9,4.95,22138
9,4.95,22139
12,2.55,22352
3,5.95,85014A
3,5.95,85014B
25,0.42,16161P
25,0.42,16169N
6,1.95,21491
8,1.65,22333
12,0.65,85216
12,0.85,21493
24,0.85,22130
12,1.65,22064
24,1.65,21731
6,4.95,85232B
12,0.85,84691
2,7.95,20749
3,18,POST
8,2.55,22350
8,3.75,22349
12,0.72,22321
6,4.25,22138
36,2.95,84029E
48,4.25,22111
2,6.75,21955
3,4.95,22111
12,1.65,22296
12,1.25,84899E
6,2.95,22271
6,2.95,22272
6,2.95,85123A
20,1.65,21582
12,2.55,21586
48,1.25,21590
12,1.25,22091
12,0.42,84251J
12,0.42,22024
12,0.42,22026
12,0.42,22029
12,0.42,22025
12,0.42,22031
4,4.25,21428
4,3.75,21430
24,0.42,21916
12,0.85,21790
8,3.75,21888
12,1.25,85178
6,2.1,20754
12,2.95,21035
48,2.1,22041
24,3.39,82001S
12,0.55,82580
12,2.55,85150
6,2.95,21041
1,141,POST
12,0.85,35916C
12,0.85,35916B
24,0.85,22321
12,0.85,22130
2,9.95,22180
12,1.25,22128
6,2.95,22163
48,0.38,35951
12,1.25,22253
12,1.45,84988
24,0.85,22219
6,2.55,18097C
3,4.95,22138
1,12.75,21299
24,0.65,21099
24,0.65,21085
10,1.95,21929
24,1.25,22241
12,0.85,21091
32,2.55,21733
32,2.55,85123A
12,1.25,22178
12,5.95,22125
12,1.25,21671
12,2.95,22086
6,4.95,22111
12,4.95,22112
24,1.25,22294
4,4.25,22199
24,2.95,22083
12,3.95,22114
12,4.95,21485
10,1.95,21928
10,1.95,21929
20,1.95,85099B
10,0.85,22356
10,0.85,20724
24,1.25,21590
24,1.25,21592
10,1.65,20725
10,1.65,20728
10,1.65,20726
12,2.1,20754
12,8.95,21217
12,1.65,22195
2,12.75,85066
1,130,POST
48,2.12,20827
48,3.39,20825
48,4.25,20823
48,2.12,20826
-12,2.95,22087
-6,1.65,85206A
-4,4.25,21895
-6,2.1,21896
-12,2.95,22083
-12,1.25,21871
-12,1.25,84946
-24,0.85,84970S
-12,2.95,22090
12,2.95,22087
6,1.65,85206A
4,4.25,21895
6,2.1,21896
12,2.95,22083
12,1.25,21871
12,1.25,84946
24,0.85,84970S
12,2.95,22090
-3,4.25,90200A
-3,4.25,90200D
-3,4.25,90200B
-3,4.25,90200E
-3,4.25,90200C
-3,4.25,90185C
-3,4.25,90185B
-3,3.75,90003C
-3,3.75,90003D
-3,3.75,90003B
-3,2.1,90209C
-3,2.1,90209A
-2,6.35,90082D
8,6.75,79323P
24,0.55,21977
24,0.55,84991
6,2.95,22274
6,2.95,22273
4,6.75,22179
3,5.95,22320
8,1.65,22232
576,0.21,84598
8,6.75,79323W
3,4.95,22138
3,4.95,22139
4,6.75,79323S
12,1.65,21731
288,0.21,84568
24,1.25,21668
24,1.25,21669
24,1.25,21670
24,1.25,21671
24,1.25,21672
24,1.25,21673
3,5.95,22125
48,1.25,21232
6,2.95,85071A
6,2.95,85071B
12,1.45,21161
12,1.45,21162
12,1.45,21248
12,1.45,21159
12,2.1,82582
6,2.1,21181
6,2.55,85150
6,2.95,82494L
2,7.95,82486
3,5.95,82483
3,4.25,90200D
3,4.25,90200E
24,0.55,21212
24,0.55,84991
2,9.95,22180
27,1.49,72756
6,2.95,22063
6,2.95,37450
3,4.25,90200A
3,4.25,90200C
3,4.25,90200B
3,4.25,90185C
3,4.25,90185B
3,3.75,90003C
3,3.75,90003D
3,3.75,90003B
3,2.1,90209C
3,2.1,90209A
2,6.35,90082D
-96,0,21733
12,4.95,21707
12,4.95,21710
12,4.95,21708
12,4.95,21706
12,4.95,21711
4,14.95,20747
12,5.95,22125
64,2.55,85123A
20,2.95,21733
8,2.1,20752
8,2.1,20753
8,2.1,20754
12,2.1,20751
4,6.75,48185
12,3.95,22114
8,2.95,21481
24,4.25,85042
4,9.95,72760B
160,1.45,84879
-240,0,71477
-192,0,85123A
-6,2.1,22149
1,4.65,84031B
1,2.95,84032A
1,2.95,84032B
2,5.95,22125
2,2.95,21482
3,3.45,21484
1,3.75,20967
2,3.75,20970
2,1.65,21100
2,4.25,84582
3,1.25,20972
1,1.25,20971
2,2.1,84327A
1,5.95,22125
3,1.95,21490
4,0.85,21063
3,0.85,21058
5,2.95,22086
4,3.75,84997D
4,3.75,84997C
2,2.55,22301
3,2.55,22300
6,0.85,21493
4,1.25,21231
6,2.1,20870
4,4.25,90121B
2,8.95,90175A
2,8.95,90195B
2,12.75,90062
2,1.95,21930
-2,4.25,21540
-1,4.95,21533
-6,2.55,85083
6,3.75,21472
10,1.95,85099B
10,5.95,48185
5,4.65,47566B
10,1.95,21929
6,4.95,22139
6,2.95,22086
4,8.5,22275
3,4.95,22138
4,3.75,21479
72,1.06,21791
36,2.55,84032A
24,4.25,85042
24,2.75,71477
8,8.5,37449
32,1.25,37446
10,5.95,21955
8,10.95,21258
8,3.95,20892
50,1.65,47591D
1,1.25,21867
5,2.95,21041
2,1.25,82551
1,2.1,82567
3,1.45,21161
2,1.25,82613D
2,1.25,21179
3,2.1,21865
2,2.1,72783
3,0.85,20719
2,1.25,21869
2,1.25,21876
3,2.1,20754
2,1.69,84849B
5,2.1,21864
2,3.75,21470
2,2.95,20897
1,7.95,44230
2,4.65,37485
3,3.75,84997A
3,1.69,21245
3,0.85,21241
1,1.65,21705
1,3.75,21913
1,3.75,21912
2,2.95,16207A
1,3.75,21821
1,2.95,85123A
12,0.65,22319
6,0.85,22130
20,1.65,21584
1,1.25,20972
1,3.75,21912
6,1.25,21791
4,0.85,21790
1,1.95,21931
1,1.95,20711
1,1.65,47591A
12,3.75,84997B
12,3.75,84997A
1,1.95,21491
12,2.95,22122
1,1.25,20971
1,2.95,21252
6,0.85,22130
12,0.65,22319
1,3.75,21913
1,3.75,21821
2,5.95,21837
1,2.55,84951A
1,0.65,22335
1,2.55,84951A
1,1.95,21491
1,1.25,21791
1,0.85,21790
1,3.75,21912
1,1.25,85129A
1,2.95,84791
4,1.69,21244
4,1.25,20675
-2,12.75,20892
-1,7.95,85048
-1,4.95,22138
12,2.95,22086
32,2.55,85123A
6,2.95,82616B
6,2.55,22276
4,3.75,84912B
3,5.95,85014C
3,5.95,85014A
3,5.95,85014B
3,5.95,85014D
12,0.65,21326
12,1.25,84946
6,1.65,84949
6,1.95,21491
6,2.1,21908
6,2.1,21181
3,5.95,82483
4,6.75,79323S
6,2.55,21371
6,2.1,85152
12,1.69,21133
12,0.85,20984
12,0.85,20982
12,1.25,84971L
8,3.75,21912
6,2.95,90168
5,3.95,84884A
4,6.75,79323W
4,3.75,90013C
2,4.25,90023
6,2.95,90067A
6,2.95,90067B
2,5.95,90145
2,5.95,90000A
2,8.5,90024B
3,7.95,90036D
6,2.95,90134
2,6.95,90131
2,6.35,90199C
12,0.75,35751C
12,1.25,72739B
8,3.95,22114
6,2.1,22212
2,6.75,21523
2,6.75,48187
2,6.75,48195
36,1.45,72741
3,4.95,85232D
6,2.55,20828
10,1.65,22080
10,1.65,22082
6,5.95,21754
4,9.95,21784
12,1.45,21172
6,2.1,21181
12,2.1,82600
4,12.75,22282
54,2.55,21842
6,2.95,22089
4,3.75,21430
10,0.85,20734
12,1.69,21133
12,0.85,35071
6,2.95,22083
6,2.95,22086
3,5.95,22121
3,4.95,21485
12,1.25,84836
12,2.95,22122
-50,0,21646
3,0.42,21916
1,9.95,72760B
1,4.65,37492A
2,3.75,21479
6,0.85,10133
4,3.45,22113
1,5.49,20782
1,2.1,22190
2,4.95,22111
1,3.75,84029G
1,3.95,22114
1,3.95,21489
6,1.95,20987
2,1.95,20989
1,1.25,21868
1,1.25,21875
1,1.25,21869
3,1.25,21826
3,1.25,21827
3,1.25,21828
4,1.25,16225
36,0.21,21829
2,1.65,21582
2,1.65,21584
6,2.1,21638
2,8.95,35400
1,4.25,22218
1,4.95,22222
3,2.55,22300
3,2.55,22301
3,2.55,22305
3,2.55,22304
3,2.55,22302
3,2.55,22303
6,1.25,22127
24,0.85,22130
7,1.95,21143
10,0.85,21639
6,0.42,22154
6,0.42,22155
6,1.25,22294
6,1.69,21133
2,1.25,21889
2,4.95,85045
2,4.95,85044
3,3.75,21888
6,2.55,21587
2,2.55,21588
4,2.55,21586
6,0.85,21818
6,0.85,21819
6,0.85,21817
1,6.75,48111
1,6.75,20685
1,6.75,48194
25,0.42,21495
2,4.95,47505
6,1.25,10135
4,5.95,22125
1,4.65,37492C
1,1.25,20677
1,1.25,20676
1,1.25,20675
8,0.65,21086
6,1.25,21948
12,1.69,21833
5,1.65,21832
1,1.25,22315
1,1.25,21870
1,2.1,82600
2,2.1,21181
1,2.95,22115
2,1.95,21166
2,2.1,21175
1,1.95,21174
3,2.1,21908
1,2.1,82582
2,2.1,85152
1,2.55,85150
10,0.85,22197
4,0.85,21094
7,1.25,72724
6,1.65,22103
6,0.85,37424
8,1.69,21136
1,5.95,21755
8,1.69,84879
1,3.75,84997B
1,3.75,84997D
1,3.75,84997C
4,0.85,21238
4,0.85,21240
4,0.85,21239
4,2.55,84007
4,2.55,84012
1,1.65,22077
2,1.25,85049A
2,1.25,85049E
2,1.65,22075
1,1.65,22076
1,6.75,79323W
1,6.75,79323LP
1,6.75,79342B
6,6.75,79341
800,1.45,84879
-1,12.75,21258
1,0.55,85226C
1,0.85,85227
12,1.25,85049E
24,0.55,21976
25,0.42,21498
12,1.65,22077
12,1.25,84946
24,1.65,84948
4,4.25,21537
6,2.95,21733
6,2.95,85123A
10,1.25,20718
-3,2.95,21041
-12,1.65,21173
-6,2.55,85124A
3,4.95,21539
25,0.42,16169F
24,1.25,84836
2,7.95,21527
6,4.95,21533
6,2.55,21531
3,9.95,22180
8,1.65,22333
24,0.65,22319
9,4.95,85232B
8,1.25,20676
12,2.95,20914
3,9.95,21217
16,0.85,21238
8,1.69,21242
8,1.65,22232
6,2.55,21535
6,2.95,21844
4,3.75,22073
4,3.75,22072
24,0.85,22321
6,5.95,15056BL
6,5.95,15056N
12,1.65,21731
12,1.25,22254
12,0.85,22255
2,1.45,46000S
3,2.55,20964
24,0.85,21788
24,0.85,21789
6,3.25,20682
3,5.95,85014C
24,0.85,84832
6,18,POST
-1,7.95,85048
1,16.95,85063
1,6.75,48129
1,1.95,21491
1,0.42,22030
1,0.85,21081
1,1.65,20773
1,2.55,20767
12,0.42,22028
1,2.1,20622
1,1.25,21122
1,1.25,21124
1,1.25,20657
25,0.42,16156N
4,1.25,20673
6,2.55,22300
1,0.85,84520B
1,2.95,22086
1,2.1,20619
1,2.1,21864
1,1.25,21866
1,1.25,20660
1,3.95,21489
1,2.95,16207A
1,1.65,20777
2,1.65,20774
12,0.42,22029
12,0.42,22030
12,0.42,22024
12,0.42,22037
12,0.42,22036
12,0.42,22028
12,0.42,22036
2,1.69,21833
3,0.85,21726
2,0.85,21544
1,4.25,21004
1,0.85,20984
2,0.85,20982
1,2.95,84402D
1,3.75,84660B
4,1.65,21429
1,1.69,72754B
1,6.75,48129
25,0.42,21500
4,1.65,21431
2,3.75,21912
3,2.95,22086
1,12.75,20748
2,1.95,21490
3,4.25,72802B
-1,4.25,72803A
1,1.95,79029
12,3.25,71477
4,4.95,85042
5,2.95,85123A
4,1.25,21590
7,1.25,21591
8,1.65,21582
6,2.55,21587
1,7.95,82486
1,5.95,82483
1,4.95,22112
1,4.95,22111
2,1.25,72801E
1,0.95,21034
12,1.25,85049D
48,0.29,21985
48,0.29,21980
60,0.21,16235
6,2.95,22083
6,2.95,22086
3,4.95,22111
6,2.55,84347
3,4.95,21485
24,0.55,21212
24,0.55,84990
12,0.85,85231E
24,0.85,85231B
12,0.42,72008
6,3.75,22071
6,3.75,22070
9,1.65,22077
2,12.75,20892
30,0.21,84270
12,1.25,85049C
1,16.95,84352
1,3.75,79067
1,3.75,22203
4,7.95,21353
6,1.25,84946
6,2.55,22300
1,2.55,21535
2,4.25,21540
1,3.75,21538
1,3.75,22073
1,4.95,21534
1,3.75,22073
1,4.95,21533
6,1.25,84946
12,1.25,84836
2,2.1,85053
1,5.95,21756
1,4.95,22118
2,5.95,21754
12,0.85,84970S
2,4.95,22118
2,5.95,21755
-1,5.95,35832
-1,9,D
-1,19,D
2,5.45,21375
1,3.75,22109
1,2.1,21864
1,6.75,48129
1,2.95,22186
2,1.95,47504K
2,1.65,47504F
1,1.25,21809
1,1.25,21809
1,1.65,22075
2,1.65,21186
1,2.95,22086
2,2.95,21611
2,3.45,22113
1,2.95,21480
2,1.65,22295
1,2.1,85170A
1,1.95,85033S
1,1.69,35991
2,1.65,22185
1,0.42,21786
1,2.1,20752
1,2.1,20754
1,1.65,84388
1,2.1,21865
1,1.65,21832
1,2.95,85071A
1,2.95,85071B
1,1.25,21948
2,1.25,21791
2,0.42,21918
2,2.95,22086
2,0.85,21493
2,1.95,21491
1,1.25,51012C
1,0.95,21034
1,2.55,84671B
1,1.25,21747
1,0.85,22197
1,3.75,22107
1,1.45,22330
1,4.95,22139
1,1.95,84375
2,3.75,84952B
1,1.25,20961
1,1.25,20960
1,1.25,20966
1,0.42,17164D
6,1.25,21791
1,2.95,21890
1,2.55,22353
1,2.1,85170D
1,1.25,17091J
1,3.75,79067
7,0.65,20975
1,1.25,20677
1,1.25,20675
2,1.25,20676
1,1.25,21440
2,1.65,22174
1,1.45,22142
2,1.95,22150
1,1.45,22142
2,1.45,22147
1,1.25,21356
1,1.25,21357
1,1.95,21166
4,1.65,20728
6,0.85,21677
6,0.85,21680
1,4.95,21730
1,0.42,17164D
1,2.55,22353
2,1.25,21791
1,0.85,21788
1,0.85,21789
1,1.25,20660
1,1.65,70007
1,1.65,70006
1,0.65,21650
1,1.45,22142
1,1.45,22147
1,1.25,21892
1,0.65,21650
1,0.85,85227
3,0.85,85227
1,1.25,20655
1,1.25,21791
1,2.95,21990
1,1.25,21231
4,1.65,22064
1,1.65,21934
1,2.25,21578
1,2.25,21579
2,2.25,21577
5,1.95,21931
5,1.95,85099B
1,1.95,20713
1,1.95,20712
1,0.85,16047
1,2.55,21561
1,1.25,20814
1,1.25,21122
1,1.25,21231
3,1.25,21232
6,1.25,84946
4,1.65,22068
1,1.65,21377
1,1.25,21379
1,1.25,20956
1,0.85,21018
1,2.1,35995
1,1.95,85033S
2,1.65,22185
2,2.25,21578
1,2.25,21579
9,0.85,22355
2,1.65,21934
1,2.25,21579
1,0.95,21034
3,0.85,22356
4,2.25,21581
2,1.25,20956
3,1.65,20727
1,1.25,21071
1,1.25,21068
1,3.75,22107
1,3.95,22189
1,0.42,21786
1,6.75,48179
1,6.75,48129
1,6.75,21523
2,6.75,48188
2,6.75,48111
2,6.75,48194
2,6.75,20685
2,6.75,48195
2,6.75,48184
10,2.95,21733
4,7.95,21777
4,3.75,20969
4,3.75,20970
4,3.75,20968
2,3.75,20967
1,19.95,21737
2,1.25,84899E
3,1.25,84899F
5,2.1,84898F
5,1.25,20971
5,1.25,20972
1,4.25,22207
1,0.85,21016
1,2.95,22115
2,2.95,22273
6,2.55,20828
6,2.1,20829
5,0.85,85231B
5,0.85,85231G
1,4.25,21407
2,4.25,21410
1,2.55,72800F
4,4.25,21411
3,2.95,21993
4,2.95,84032B
3,5.95,22125
4,2.95,84032A
3,2.95,21482
2,3.75,21479
5,2.95,21480
2,3.75,21486
3,2.95,21481
24,0.42,72008
20,1.25,21231
20,1.25,21232
1,4.95,21813
4,4.95,21812
3,3.95,21489
3,3.95,21488
1,3.75,84029E
3,1.65,75013B
4,2.55,72800E
3,2.55,72800F
3,1.25,72801G
6,1.25,72801F
6,1.25,72801E
11,0.85,21790
6,1.25,21791
3,3.75,21888
2,6.75,21351
-4,6.75,22183
-1,9.58,POST
24,3.39,21732
24,5.45,21754
58,2.55,22083
58,2.55,22086
24,1.25,84946
-4,2.95,21254
160,2.55,22086
160,2.55,22083
48,1.45,85041
192,1.45,85040B
96,1.69,84879
24,5.45,79323P
20,5.95,48184
96,0.85,37461
72,4.25,22139
144,0.85,21700
60,1.06,21673
60,1.06,21671
60,1.06,21669
100,0.34,21500
96,3.75,20692
30,5.95,20685
180,0.21,16237
216,0.85,37410
48,4.25,22139
-2,8.95,35400
18,2.95,22086
18,2.55,84347
12,1.45,22065
6,4.95,21813
12,0.19,84251F
24,0.65,20975
12,0.85,21080
6,2.95,21844
6,3.75,22070
48,0.29,21980
48,0.29,21967
3,5.95,22125
1,6.75,21364
12,1.25,21809
1,12.75,90062
2,2.95,21480
1,3.45,22110
1,3.45,22113
2,3.45,21484
1,2.95,20914
6,1.25,84977
1,1.25,21868
6,0.42,18010
1,1.45,21162
2,1.25,37370
15,0.42,22152
3,2.1,72267
4,4.95,22139
1,2.1,22143
3,0.85,22197
1,1.65,22081
1,1.65,22079
1,2.95,22273
1,2.95,22272
1,2.95,22274
1,1.25,21124
1,1.25,21122
3,0.85,20758
3,0.85,20756
1,1.25,21126
1,1.25,21125
8,0.42,22154
3,1.65,22102
4,0.42,35955
6,0.42,35954
6,0.42,35957
6,1.65,84050
6,2.1,47568
2,12.75,84782A
1,12.75,84782C
12,1.25,21232
12,1.25,21231
6,2.95,22186
4,8.5,22169
6,2.95,82494L
6,2.1,84933A
6,2.1,84933B
4,4.25,22201
4,10.75,37503
4,6.75,48185
18,2.95,22086
12,1.25,21871
12,1.25,21875
12,2.55,21587
24,1.25,21593
24,1.25,21591
24,1.25,21590
6,2.95,22083
6,2.95,22085
12,0.85,21493
3,4.95,22138
10,1.95,21930
10,1.95,85099B
10,1.95,85099C
10,0.85,20719
100,0.72,22356
10,0.85,20724
10,1.65,20727
10,1.65,20726
20,1.65,20725
12,0.85,22348
240,0.64,85061W
2,6.75,48188
2,6.75,48194
2,6.75,48129
6,3.75,84997D
1,14.95,21781
3,4.95,22111
3,4.95,21485
4,3.45,21484
9,4.25,20692
6,2.55,20768
12,0.85,21082
8,1.95,47591D
8,1.65,47591B
3,4.25,21004
24,0.55,21212
12,2.1,20751
12,1.65,22195
12,0.85,22196
4,4.25,22199
1,2.95,22271
12,1.25,22254
3,2.95,22273
1,1.65,22195
2,1.95,22131
10,1.65,22079
3,4.95,22138
2,1.45,22147
2,1.45,22142
2,1.95,22150
1,1.65,20804
8,0.85,22196
3,2.95,22086
1,6.75,21115
6,1.25,21067
12,0.42,22134
12,0.85,22132
1,0.85,22196
1,0.85,22196
5,1.65,22195
25,0.65,21086
10,1.25,20963
1,2.1,85053
12,0.42,84670
2,2.55,21559
3,2.55,21558
1,2.55,22352
1,2.1,85053
3,4.25,21004
1,1.65,21431
12,0.29,21980
1,5.45,35004P
6,2.55,21321
1,8.5,22275
1,2.55,22276
1,2.55,22276
22,0.85,21094
1,2.1,20753
2,2.1,20754
3,2.1,20752
1,3.95,21489
1,3.95,21488
2,5.95,22281
6,2.55,21320
6,2.55,22302
6,2.55,22303
3,0.95,21034
2,1.65,21187
6,1.65,21186
3,2.95,22083
12,0.85,79000
5,1.65,22080
1,8.95,84706F
1,2.95,22271
1,2.95,22274
-2,7.95,35400
2,6.75,48187
2,6.75,21523
4,12.75,84968C
2,12.75,84968F
2,12.75,84968B
48,0.55,21977
6,2.55,22276
4,9.95,72760B
12,0.85,85231L
12,0.85,85231G
6,3.75,21618
6,3.75,21615
6,3.75,21619
6,2.95,21612
12,1.25,85049A
12,1.25,85049B
12,1.25,85049G
6,2.1,21175
2,4.95,21770
2,14.95,20747
2,9.95,37500
48,0.55,84991
18,1.25,21637
-1,6.95,85048
1,8.95,35400
10,0.65,21901
10,0.65,21900
12,0.65,21902
2,1.65,22079
2,1.25,21223
4,1.45,21162
2,1.25,85049D
1,1.25,85049H
3,1.25,85049G
2,2.95,22086
18,0.85,22130
9,1.49,72756
6,3.75,84997A
6,3.75,84997D
6,3.75,84997B
6,3.75,84997C
1,2.25,21576
1,2.25,21580
8,4.95,22111
10,3.75,21479
3,1.95,21490
2,2.95,22271
2,2.95,22273
2,2.95,22272
-1,6.35,35004S
-6,3.49,35001W
-3,4.25,85042
-2,2.95,35001B
-6,3.25,21260
2,1.25,20866
2,1.25,20867
4,1.25,20979
2,0.85,20983
1,0.85,20981
1,1.25,10135
8,0.65,20975
2,1.25,20977
2,1.25,20977
3,0.65,20974
15,1.25,21114
3,2.95,85123A
2,9.95,72760B
1,4.95,85232A
6,1.25,21876
24,0.55,21212
2,3.95,22189
2,9.95,21217
2,1.25,21875
1,1.25,20972
2,1.25,35971
1,4.95,22138
2,2.1,22143
1,3.75,21486
1,4.95,21485
1,5.95,22125
1,3.75,21479
2,2.95,21740
5,1.65,22082
2,1.65,22195
1,5.95,21624
2,2.95,21738
2,2.1,22280
2,4.25,21841
1,4.25,84582
1,8.5,21621
1,4.95,21622
2,4.25,21004
3,1.25,20718
2,2.95,21252
6,1.25,84946
2,0.85,85231B
1,0.85,85231L
1,7.95,20750
4,2.55,82482
4,2.1,85152
2,1.95,21174
1,2.95,20665
2,7.95,82486
1,12.75,84837
2,6.75,20685
1,6.75,48187
3,1.95,21490
6,1.95,21491
2,0.85,21493
4,2.95,21480
2,2.95,21481
8,0.85,21493
4,1.25,35971
12,1.25,21439
25,0.42,16169D
25,0.42,16169C
192,0.72,21017
24,1.65,21731
12,2.55,22352
6,2.55,22353
2,6.75,20685
12,1.45,21210
24,0.55,21212
16,0.85,21238
20,1.95,85099B
10,0.85,20719
12,2.55,21039
10,1.95,20712
10,1.95,20711
8,5.95,21432
6,2.95,21424
6,2.1,21426
6,3.25,20682
4,18,POST
72,1.06,84946
6,5.95,21756
12,5.95,21754
64,1.69,84879
2,4.95,22111
1,3.95,22114
1,3.75,22349
1,2.95,21890
1,1.25,21891
6,1.25,21098
2,7.95,22415
12,6.95,85048
288,0.37,17164D
108,0.85,17165D
288,0.85,17165B
33,0.42,35955
1,2.1,85208
12,0.85,90090
3,0.85,90092
100,0.1,16161C
12,0.42,22155
8,0.85,35160
12,0.42,17108D
36,0.42,21805
12,2.1,90125A
1,3.75,84578
1,3.75,84901
3,2.1,84327A
90,0.21,84270
3,0.95,21034
48,0.38,35931
48,0.38,35933
48,0.85,90087
24,0.85,90092
81,0.85,90085
24,0.85,90093
12,0.85,90084
24,0.85,90090
24,0.85,90088
1,0.95,21034
96,0.19,35955
144,0.19,35957
25,0.42,16169D
6,0.42,21805
6,0.42,21807
6,0.42,21806
6,1.25,22294
6,1.45,21815
6,1.45,21816
6,0.42,35051B
48,0.42,22153
6,1.25,20943
6,1.25,72816
6,2.1,85038
16,1.25,20979
16,1.25,20978
1,1.25,20942
6,0.85,84559A
6,1.25,84466
3,0.85,20994
3,0.85,20992
6,1.65,70006
6,1.65,70007
12,0.42,84670
48,0.21,84077
7,3.75,84029C
1,4.95,22111
8,3.45,22113
1,0.95,21034
1,0.65,22336
1,0.85,21817
1,0.85,22156
1,0.65,22338
1,1.45,21825
1,1.95,21822
1,2.55,22276
1,2.1,22277
1,2.95,35979
1,8.5,22169
12,0.85,21700
1,0.85,35071
30,0.21,84270
2,2.95,21890
2,1.25,21891
1,4.65,47566
1,9.95,21344
1,5.95,21755
1,12.75,21477
1,2.1,22143
1,1.45,22142
1,6.35,85047
2,1.95,85099B
2,1.95,21929
1,4.95,22139
1,3.25,20681
1,5.95,85014D
1,12.75,84837
1,3.95,84884A
1,12.75,84648
1,45.95,84472
1,5.95,84910A
1,5.95,84656
1,3.75,84580
2,5.95,84622
24,0.42,22151
1,0.42,35957
1,2.1,35962
1,0.65,22337
-24,0.85,90088
-24,0.85,90090
-12,0.85,90084
-24,0.85,90093
-81,0.85,90085
-24,0.85,90092
-48,0.85,90087
-3,0.85,90092
-12,0.85,90090
36,0.85,90090
12,2.1,90125C
12,2.1,90125D
2,1.25,90214H
12,2.1,90125A
81,0.85,90085
24,0.85,90092
48,0.85,90087
3,0.85,90092
12,0.85,90090
24,0.85,90088
24,0.85,90090
12,0.85,90084
24,0.85,90093
-12,2.1,90125A
6,6.35,20901
3,5.95,82483
2,8.5,22172
4,12.75,22282
2,18.95,85067
2,12.75,21299
8,1.95,21156
8,1.95,47591D
2,16.95,84352
4,3.45,22113
6,2.55,85150
6,2.1,21908
6,2.95,21480
4,3.75,84029E
12,1.45,21172
6,1.25,72127
2,6.75,48195
24,0.55,21976
24,0.55,84992
24,0.55,84929
12,0.65,85216
6,2.95,21649
4,4.95,85042
2,5.95,21463
1,9.95,85162A
1,29.95,21761
2,6.75,84839
2,5.45,85064
1,7.95,22415
6,1.25,72801F
1,8.95,84706C
24,1.25,22294
5,2.95,22086
36,0.85,22156
12,1.25,22178
1,9.95,72760B
36,0.42,21807
48,0.42,22154
36,0.42,21805
48,0.42,22155
2,6.75,84839
6,1.25,21868
36,0.42,21806
12,3.75,21804
1,4.95,21707
1,0.95,21034
-1,3.75,22107
-1,5.95,82483
-1,4.95,22138
-1,3.75,21218
-1,6.75,79323W
-1,5.95,15056N
-1,6.75,85103
-1,2.95,20894
2,3.95,22189
1,4.25,85036C
1,3.75,20967
1,0.65,20975
1,6.75,79323W
2,1.95,85099C
5,2.95,22162
4,1.65,22296
8,1.25,22297
1,0.21,16237
2,1.25,84836
1,2.95,85104
2,12.75,84813
1,2.95,22273
1,2.95,22272
1,2.95,22271
1,2.1,21181
1,3.45,21484
1,3.75,21479
2,8.5,21621
1,1.25,21590
1,2.55,21587
1,4.95,21730
1,4.95,22138
1,2.95,20894
2,2.95,72799D
1,2.95,21741
1,2.95,21740
1,2.55,85071D
1,0.85,21724
5,1.65,22081
1,7.95,22415
2,6.75,48187
2,6.75,20685
2,6.75,48173C
1,6.75,21524
1,6.75,48197
2,2.55,84684
2,2.55,20812
2,2.95,82494L
12,0.42,22035
12,0.42,21508
12,0.42,22029
12,0.42,22027
2,2.55,82482
2,2.95,21333
5,1.25,22297
2,3.75,85059
2,1.95,21928
2,1.95,85099C
2,0.85,22197
1,3.75,21465
1,3.75,21466
1,3.75,21467
1,3.75,21470
1,3.75,21472
1,3.75,21471
1,5.95,85014B
1,5.95,85014C
1,5.95,85014A
1,5.95,85014D
6,2.55,22300
6,1.25,84946
6,1.25,84977
1,0.95,21034
6,1.25,22178
4,2.1,21314
6,1.69,84975
1,1.25,21949
5,1.25,21948
3,1.25,21947
5,1.65,22079
5,1.65,22080
5,1.65,22082
2,3.75,21538
2,4.95,21534
2,6.95,21528
1,2.95,21548
12,0.85,21684
1,2.95,21549
1,2.95,21545
1,2.95,21547
2,4.25,21540
2,2.95,85054
2,2.1,85053
2,2.1,21532
2,2.95,21530
2,2.95,37444A
2,2.95,37444B
3,6.75,21955
24,1.25,22294
12,0.42,22042
1,2.95,84247C
12,0.42,22034
12,1.25,84754
6,1.65,84949
24,1.65,22295
3,3.75,21912
4,3.75,21888
5,5.95,21754
12,0.85,21313
1,3.75,84509A
30,1.25,84946
1,1.25,84510A
12,2.55,21587
12,0.42,72008
4,3.75,22071
1,2.55,84340
4,3.75,22070
4,3.75,84997B
4,3.75,84997C
11,2.95,22186
3,4.95,22139
7,6.95,21625
60,0.65,21326
6,2.55,18096C
6,2.55,18097C
12,3.45,22113
4,4.95,85147
3,1.25,21868
3,4.95,22138
2,2.95,37444C
2,3.75,85055
2,7.95,85028L
2,4.95,85028S
2,2.1,22145
2,1.45,22142
1,1.95,21491
2,1.95,21490
2,1.45,21214
2,1.45,84985B
2,1.45,84985A
2,1.95,20987
2,1.95,20989
4,1.25,47021G
4,1.65,21911
2,1.25,21070
2,1.25,21066
2,1.25,21067
2,1.25,21069
12,0.29,21986
12,0.29,21985
12,0.29,21980
3,4.95,22325
3,5.95,22320
2,6.75,21524
1,6.75,48187
1,6.75,48185
1,2.95,20940
1,1.65,72798C
10,1.95,40018F
10,1.95,40018E
2,5.95,85014B
2,5.95,85014D
2,5.95,85014C
2,5.95,85014A
10,1.25,85178
12,0.85,85176
24,0.42,22035
24,0.42,22037
3,4.25,21893
4,3.75,21745
2,0.21,17084J
2,2.95,71279
2,2.1,21417
5,2.95,22083
2,5.95,22125
1,2.95,22088
3,1.25,22093
1,1.95,84288B
3,2.95,21741
3,2.95,21740
3,2.1,35924
4,1.25,20941
4,4.95,22138
6,1.25,21868
2,2.1,82567
2,2.95,22088
2,4.95,22222
1,4.95,85232A
1,2.95,21548
1,2.95,21547
3,4.95,21534
1,5.95,21553
1,5.95,21554
2,2.95,21481
3,2.95,21482
2,4.95,85232D
25,0.42,16169C
2,8.5,22215
4,1.65,20804
6,3.25,21260
4,1.65,20804
6,1.25,21875
4,0.85,21016
4,0.85,21015
4,0.85,21014
10,0.42,21917
10,0.42,21916
10,0.42,21918
10,1.25,21791
12,1.25,21889
3,1.25,21098
1,1.25,21231
4,1.25,21232
10,1.25,10135
2,1.95,21491
3,3.75,21888
3,3.75,21913
3,3.75,21912
96,0.19,35957
3,4.95,22138
6,2.55,85150
12,1.25,21232
12,1.65,22069
6,3.75,84997A
6,3.75,84997B
8,1.95,47591D
8,1.95,47591C
6,2.1,21175
12,1.25,21098
12,1.65,22064
1,7.95,22415
2,6.75,48111
2,8.5,22215
48,0.38,35951
12,1.65,21731
24,0.55,84991
6,2.95,21743
6,2.95,21744
6,2.95,21482
6,2.95,21481
-3,9.95,37503
-48,1.25,22127
-1,6.95,37501
5,1.25,85049E
17,1.25,85049A
1,16.95,84352
8,2.55,21842
24,0.42,22152
12,1.25,84836
5,7.95,85048
24,0.85,21385
10,2.95,22086
12,1.65,22296
24,0.42,22151
3,1.95,21929
3,1.95,85099F
5,1.95,21928
6,2.95,85123A
18,3.45,22113
1,8.95,35400
-1,2.95,21481
2,4.25,35001G
1,4.95,84855
1,4.95,84854
9,1.49,72756
9,1.45,72741
1,4.95,21216
2,1.25,22315
4,1.69,21244
4,1.69,21243
4,2.95,21041
4,2.1,21155
3,1.69,35991
2,2.1,21412
3,2.95,72799F
3,2.95,72799E
2,2.95,72799C
25,0.42,21500
25,0.42,21499
25,0.42,21498
1,4.95,21246
1,1.49,21247
4,1.25,21124
4,1.25,21122
1,7.95,85136C
4,2.1,72267
1,9.95,21217
1,3.75,21218
4,0.85,21240
2,0.85,21238
4,0.85,21239
4,1.25,20677
4,1.25,20675
12,0.29,21986
1,0.95,21034
24,1.25,21232
24,1.25,21231
24,0.55,21975
24,0.55,21213
24,0.55,21977
24,0.55,21212
24,0.55,84991
108,1.25,72756
-1,4.25,72807B
-1,4.25,72802C
-2,4.25,72802B
-1,6.35,85047
10,2.95,72799B
2,8.95,35400
72,0.95,84970L
1,14.95,21768
2,12.75,21477
2,7.95,85048
12,4.25,84984D
18,2.95,84773
6,2.95,84601A
1,4.95,85174
1,1.65,71028B
8,0.65,84755
1,3.95,22114
1,2.1,72267
1,0.42,72140F
12,0.85,84950
64,0.42,85175
36,0.38,72487
12,4.65,84360
1,21.95,21335
24,0.85,84832
24,1.69,21133
16,1.69,84879
3,5.95,21755
36,2.95,35001W
24,1.95,84396
18,3.39,35001G
8,2.1,72753A
8,1.95,72750C
4,4.25,21895
-5,0.85,21639
-2,6.75,79323P
-2,6.75,79323GR
-1,9.95,22120
-1,2.55,21535
-1,3.75,22073
12,2.95,21733
6,2.95,85123A
7,3.45,22113
1,1.65,85211
2,2.95,22086
2,0.85,84341B
1,1.65,22211
1,8.5,22275
2,7.95,22283
2,2.95,22186
2,4.25,22187
2,4.25,35001G
2,3.49,35001W
2,8.95,35400
12,3.75,21804
2,12.75,21735
12,1.65,22295
6,5.95,21755
1,4.95,22325
1,5.95,22320
2,5.95,21756
2,9.95,22120
1,6.75,20685
1,6.75,48194
1,6.75,48173C
1,6.75,48189
1,6.75,48116
-3,5.45,79323B
3,6.75,48194
12,2.1,21181
1,29.95,21761
8,1.69,84879
1,18.95,85067
3,3.45,22113
2,4.95,22112
2,2.95,21480
4,6.75,79323S
6,6.75,79323W
4,10.75,37503
4,2.95,22086
1,0.85,21016
2,7.95,21257
1,29.95,21767
1,7.95,85068
1,14.95,21768
2,8.5,22171
4,1.95,21490
4,1.95,21491
2,2.95,22273
2,2.95,22272
3,3.75,22349
6,0.85,21790
3,1.25,21791
2,1.25,21591
3,1.95,22150
5,0.85,21493
2,7.95,21257
1,4.95,84855
-2,2.55,22301
1,4.95,85045
1,4.95,85042
4,2.1,72349B
7,1.25,84596K
3,1.25,20977
6,1.25,20676
4,1.25,20675
5,1.25,84596E
5,1.25,84596G
4,0.65,20975
2,1.95,21931
2,1.95,85099C
2,1.95,21929
3,1.49,37448
3,1.95,22131
2,1.49,37447
2,1.65,22055
1,2.95,22062
8,1.25,84596B
12,1.25,21232
1,1.65,22055
2,1.49,37448
6,1.25,22347
1,1.49,37448
2,2.55,22350
4,1.25,21791
1,2.55,84507C
1,2.55,84507B
2,2.55,84508A
1,2.95,22062
3,2.95,37450
6,1.45,22065
1,2.95,79302M
3,0.95,21034
8,2.95,37502
1,10.75,37503
2,9.95,37449
4,0.85,84534B
8,0.65,84535B
8,0.42,84536B
2,1.25,21875
1,2.95,37450
2,1.65,22068
4,1.65,22064
4,1.65,20726
3,1.65,20725
1,4.95,21216
3,3.95,22114
2,4.25,22187
6,2.55,82482
11,1.25,21231
-1,14.95,21752
2,8.5,22275
1,5.17,17012A
1,1.7,17129D
1,4.3,20616
1,4.3,20618
1,2.57,20652
1,2.57,20654
1,2.57,20655
1,2.57,20659
1,2.57,20674
2,2.57,20675
2,2.57,20677
1,6.91,20682
1,7.78,20694
1,8.65,20695
6,4.3,20712
1,2.57,20714
1,1.7,20719
3,1.7,20724
1,4.3,20725
1,2.57,20729
1,8.65,20739
3,4.3,20752
1,4.3,20753
2,4.3,20754
1,7.78,20761
1,11.26,20780
2,11.26,20782
1,11.26,20783
3,4.3,20798
3,4.3,20799
1,26.04,20825
1,5.17,20828
1,1.7,20832
1,4.3,20863
2,4.3,20865
2,2.57,20866
1,4.3,20886
1,6.04,20888
1,6.04,20897
1,13,20903
1,6.04,20914
1,6.04,20940
2,2.57,20961
3,2.57,20966
1,7.78,20970
1,2.57,20972
1,1.3,20974
1,1.3,20975
5,2.57,20977
1,2.57,20978
3,2.57,20979
1,2.57,20980
3,1.7,20981
2,1.7,20982
1,1.7,20983
1,1.7,20984
1,4.3,20987
1,1.3,20991
1,4.3,21012
1,2.57,21025
1,6.04,21035
1,17.35,21055
3,1.7,21058
1,12.13,21064
1,2.57,21069
4,2.57,21071
2,1.7,21080
14,2.57,21098
5,5.17,21108
1,13.87,21110
1,14.74,21115
3,8.65,21116
1,2.57,21122
1,2.57,21124
1,26.04,21134
1,4.3,21143
1,14.74,21145
2,2.57,21154
1,3.43,21160
1,6.04,21164
2,4.3,21165
1,4.3,21173
3,4.3,21174
2,4.3,21175
1,4.3,21181
2,13,21185
3,4.3,21191
1,3.43,21198
3,3.04,21210
18,1.3,21212
1,1.3,21213
1,8.65,21218
13,2.57,21231
12,2.57,21232
6,3.43,21242
2,6.04,21249
2,6.04,21251
1,3.43,21255
2,3.43,21256
1,13,21259
1,4.3,21266
1,6.91,21283
1,3.43,21284
3,1.7,21291
4,4.3,21314
1,3.43,21328
6,3.43,21329
2,3.43,21330
1,6.04,21348
2,2.57,21356
